0 0.14361683125 0.8304373734375 0.2220690234375 0.7935726234375 0.207169171875 0.7234890984375 0.1292651265625 0.7547179015625 0.14361683125 0.8304373734375
0 0.30173748906250003 0.7964083578125 0.3692428640625 0.7741274671875 0.359512371875 0.70687969375 0.2939432859375 0.7279681499999999 0.30173748906250003 0.7964083578125
0 0.5232292046875 0.7149459265625 0.5734021046875 0.6934752234375 0.559718578125 0.6400010859374999 0.5086334406249999 0.65701559375 0.5232292046875 0.7149459265625
0 0.6679704484375 0.7627485265625 0.7108454531249999 0.7412778921875 0.6977701015625 0.6938803265625 0.65611136875 0.7117050390624999 0.6679704484375 0.7627485265625
0 0.8066629328125 0.7228683953124999 0.847105340625 0.7062590078125 0.831293278125 0.6568359296875 0.7913214859375 0.6722395 0.8066629328125 0.7228683953124999
0 0.85926845625 0.6945108828125 0.89423744375 0.6783065984375 0.8802498546875 0.63536524375 0.8446727171875 0.6519746484375 0.85926845625 0.6945108828125
0 0.9746267609375 0.719931875 1 0.6980561390625 0.9901347625 0.6628117828125 0.9589253984375 0.679484225 0.9746267609375 0.719931875
0 0.5872737390625 0.5431743 0.6061354984375 0.532269478125 0.5974756906249999 0.5103017750000001 0.5784079015625 0.5194504203125 0.5872737390625 0.5431743
0 0.19696589375 0.52844786875 0.2207526359375 0.52081176875 0.21774347343749997 0.498285275 0.1933327078125 0.5055271125 0.19696589375 0.52844786875
0 0.2438031890625 0.4712524765625 0.261008028125 0.4654496671875 0.25697905 0.4510877171875 0.23952021562499998 0.45586354843750004 0.2438031890625 0.4712524765625
0 0.35218666718749997 0.551195715625 0.379336259375 0.5398280234375 0.371773159375 0.5137339984375 0.34606324375 0.5236142218750001 0.35218666718749997 0.551195715625