1 0.5012019230769231 0.32211538461538464 0.08413461538461539 0.07572115384615384
1 0.6526442307692307 0.33653846153846156 0.078125 0.08173076923076923
1 0.43509615384615385 0.40865384615384615 0.08413461538461539 0.1346153846153846
2 0.6298076923076923 0.41586538461538464 0.036057692307692304 0.11778846153846154
2 0.7043269230769231 0.42908653846153844 0.04326923076923077 0.10697115384615384
2 0.5552884615384616 0.4423076923076923 0.038461538461538464 0.12379807692307693
1 0.8461538461538461 0.46634615384615385 0.12259615384615384 0.1346153846153846
2 0.8305288461538461 0.49158653846153844 0.05048076923076923 0.12259615384615384
2 0.7560096153846154 0.5108173076923077 0.0673076923076923 0.14903846153846154
1 0.5685096153846154 0.6622596153846154 0.22355769230769232 0.32572115384615385
2 0.9375 0.7211538461538461 0.08052884615384616 0.18990384615384615
2 0.9411057692307693 0.8774038461538461 0.11177884615384616 0.23798076923076922