1 0.5360576923076923 0.3557692307692308 0.08653846153846154 0.11177884615384616
1 0.44350961538461536 0.38341346153846156 0.06971153846153846 0.10817307692307693
2 0.5276442307692307 0.4110576923076923 0.03245192307692308 0.09495192307692307
2 0.6334134615384616 0.41225961538461536 0.03365384615384615 0.10216346153846154
1 0.8100961538461539 0.44711538461538464 0.1310096153846154 0.11538461538461539
2 0.7740384615384616 0.48197115384615385 0.046875 0.11298076923076923
2 0.8389423076923077 0.5769230769230769 0.06009615384615385 0.14182692307692307
1 0.5456730769230769 0.5817307692307693 0.18269230769230768 0.22716346153846154
2 0.7764423076923077 0.5913461538461539 0.07091346153846154 0.16466346153846154
2 0.8389423076923077 0.7091346153846154 0.07932692307692307 0.23197115384615385
2 0.7379807692307693 0.7379807692307693 0.10216346153846154 0.21394230769230768