2 0.5276442307692307 0.3473557692307692 0.025240384615384616 0.09495192307692307
2 0.6213942307692307 0.36658653846153844 0.021634615384615384 0.09254807692307693
1 0.4254807692307692 0.36899038461538464 0.06971153846153846 0.10576923076923077
2 0.6069711538461539 0.3762019230769231 0.04567307692307692 0.09014423076923077
1 0.7367788461538461 0.3918269230769231 0.11538461538461539 0.0985576923076923
1 0.8473557692307693 0.4735576923076923 0.1502403846153846 0.12620192307692307
1 0.4879807692307692 0.4807692307692308 0.13942307692307693 0.21153846153846154
2 0.7475961538461539 0.48197115384615385 0.04447115384615385 0.11658653846153846
1 0.6514423076923077 0.5132211538461539 0.16346153846153846 0.18990384615384615
2 0.9399038461538461 0.6370192307692307 0.07692307692307693 0.14302884615384615
2 0.4050480769230769 0.7716346153846154 0.06009615384615385 0.2920673076923077
1 0.9026442307692307 0.8329326923076923 0.1935096153846154 0.3233173076923077
1 0.6610576923076923 0.8353365384615384 0.36177884615384615 0.32572115384615385