1 0.5444711538461539 0.359375 0.0985576923076923 0.11899038461538461
2 0.6574519230769231 0.3629807692307692 0.030048076923076924 0.08173076923076923
2 0.7271634615384616 0.37740384615384615 0.030048076923076924 0.078125
1 0.4375 0.3798076923076923 0.078125 0.11778846153846154
2 0.6826923076923077 0.40865384615384615 0.030048076923076924 0.08413461538461539
2 0.53125 0.41586538461538464 0.03365384615384615 0.13942307692307693
2 0.7115384615384616 0.4375 0.036057692307692304 0.11177884615384616
1 0.8954326923076923 0.5084134615384616 0.12860576923076922 0.14783653846153846
1 0.6670673076923077 0.5144230769230769 0.15144230769230768 0.16466346153846154
2 0.3942307692307692 0.59375 0.04927884615384615 0.1935096153846154
1 0.5793269230769231 0.7475961538461539 0.2548076923076923 0.3786057692307692
2 0.8149038461538461 0.7764423076923077 0.1201923076923077 0.23798076923076922