1 0.4326923076923077 0.33052884615384615 0.06129807692307692 0.07932692307692307
2 0.5180288461538461 0.33774038461538464 0.016826923076923076 0.08413461538461539
2 0.4891826923076923 0.34134615384615385 0.025240384615384616 0.08653846153846154
2 0.5456730769230769 0.36538461538461536 0.03365384615384615 0.10096153846153846
2 0.6274038461538461 0.36658653846153844 0.030048076923076924 0.0985576923076923
2 0.609375 0.38100961538461536 0.037259615384615384 0.09615384615384616
1 0.734375 0.3918269230769231 0.11899038461538461 0.09615384615384616
2 0.6899038461538461 0.39903846153846156 0.036057692307692304 0.08653846153846154
2 0.6322115384615384 0.4375 0.03125 0.12860576923076922
1 0.8425480769230769 0.4735576923076923 0.13341346153846154 0.12860576923076922
2 0.8040865384615384 0.53125 0.052884615384615384 0.14783653846153846
2 0.9483173076923077 0.7295673076923077 0.078125 0.17307692307692307
1 0.5612980769230769 0.7415865384615384 0.2439903846153846 0.3737980769230769