2 0.5492788461538461 0.36778846153846156 0.030048076923076924 0.09495192307692307
2 0.6442307692307693 0.36899038461538464 0.019230769230769232 0.0889423076923077
2 0.6069711538461539 0.3798076923076923 0.03125 0.10096153846153846
1 0.7355769230769231 0.3894230769230769 0.11057692307692307 0.09134615384615384
2 0.6538461538461539 0.39903846153846156 0.036057692307692304 0.0985576923076923
1 0.43990384615384615 0.4170673076923077 0.08413461538461539 0.1310096153846154
2 0.7487980769230769 0.46153846153846156 0.04567307692307692 0.11778846153846154
1 0.8425480769230769 0.4735576923076923 0.125 0.125
2 0.8918269230769231 0.5432692307692307 0.052884615384615384 0.15625
1 0.7043269230769231 0.5757211538461539 0.19591346153846154 0.21875
1 0.6141826923076923 0.7752403846153846 0.27884615384615385 0.44711538461538464