3 0.4170673076923077 0.29447115384615385 0.06610576923076923 0.11298076923076923
1 0.6766826923076923 0.3485576923076923 0.0829326923076923 0.07211538461538461
2 0.5889423076923077 0.36538461538461536 0.026442307692307692 0.1045673076923077
2 0.5180288461538461 0.3737980769230769 0.03245192307692308 0.09134615384615384
2 0.6947115384615384 0.38341346153846156 0.03245192307692308 0.09254807692307693
1 0.44591346153846156 0.39783653846153844 0.08774038461538461 0.12139423076923077
1 0.7692307692307693 0.4026442307692308 0.08413461538461539 0.0985576923076923
2 0.8052884615384616 0.48677884615384615 0.04807692307692308 0.1310096153846154
1 0.875 0.5 0.12980769230769232 0.13942307692307693
2 0.8329326923076923 0.5841346153846154 0.057692307692307696 0.17067307692307693
2 0.9507211538461539 0.921875 0.09375 0.15144230769230768