1 0.42788461538461536 0.33774038461538464 0.06129807692307692 0.07932692307692307
1 0.6766826923076923 0.3473557692307692 0.09975961538461539 0.06490384615384616
1 0.5805288461538461 0.37740384615384615 0.10576923076923077 0.109375
2 0.5192307692307693 0.3870192307692308 0.02283653846153846 0.11177884615384616
1 0.7740384615384616 0.40024038461538464 0.09735576923076923 0.09014423076923077
2 0.4879807692307692 0.40024038461538464 0.02403846153846154 0.12379807692307693
2 0.6983173076923077 0.4230769230769231 0.038461538461538464 0.125
1 0.4182692307692308 0.43028846153846156 0.09254807692307693 0.14302884615384615
1 0.8725961538461539 0.49158653846153844 0.13221153846153846 0.13822115384615385
2 0.8509615384615384 0.5336538461538461 0.04927884615384615 0.14423076923076922
2 0.4050480769230769 0.5432692307692307 0.038461538461538464 0.18990384615384615
2 0.9134615384615384 0.9050480769230769 0.10817307692307693 0.18629807692307693