1 0.5853365384615384 0.3293269230769231 0.078125 0.0889423076923077
1 0.4170673076923077 0.33533653846153844 0.057692307692307696 0.0889423076923077
2 0.5264423076923077 0.33533653846153844 0.019230769230769232 0.08533653846153846
1 0.6766826923076923 0.34375 0.08533653846153846 0.0733173076923077
2 0.38461538461538464 0.3858173076923077 0.027644230769230768 0.0889423076923077
2 0.71875 0.40024038461538464 0.03125 0.10817307692307693
1 0.7716346153846154 0.40384615384615385 0.08653846153846154 0.09975961538461539
2 0.5997596153846154 0.41346153846153844 0.038461538461538464 0.10336538461538461
1 0.8713942307692307 0.49158653846153844 0.12980769230769232 0.12980769230769232
2 0.8389423076923077 0.5108173076923077 0.05048076923076923 0.12980769230769232
1 0.5456730769230769 0.6526442307692307 0.21634615384615385 0.33533653846153844
1 0.8269230769230769 0.7415865384615384 0.24639423076923078 0.3425480769230769