1 0.6766826923076923 0.35216346153846156 0.0829326923076923 0.06850961538461539
2 0.5576923076923077 0.390625 0.03245192307692308 0.11778846153846154
1 0.7740384615384616 0.40024038461538464 0.09375 0.09014423076923077
2 0.6021634615384616 0.4014423076923077 0.038461538461538464 0.12620192307692307
2 0.6730769230769231 0.40625 0.039663461538461536 0.11658653846153846
2 0.48197115384615385 0.42908653846153844 0.04927884615384615 0.13341346153846154
1 0.8725961538461539 0.49278846153846156 0.1310096153846154 0.12740384615384615
2 0.6598557692307693 0.5 0.052884615384615384 0.11658653846153846
2 0.8786057692307693 0.5348557692307693 0.042067307692307696 0.15625
2 0.8389423076923077 0.5865384615384616 0.06370192307692307 0.1778846153846154
2 0.6983173076923077 0.5985576923076923 0.0625 0.20072115384615385
2 0.9026442307692307 0.7199519230769231 0.08052884615384616 0.20793269230769232
1 0.5300480769230769 0.7223557692307693 0.2439903846153846 0.40024038461538464