1 0.4098557692307692 0.2920673076923077 0.052884615384615384 0.04807692307692308
2 0.5997596153846154 0.3125 0.015625 0.0625
1 0.6778846153846154 0.35336538461538464 0.09134615384615384 0.0829326923076923
1 0.43028846153846156 0.3581730769230769 0.06610576923076923 0.10216346153846154
1 0.5793269230769231 0.38100961538461536 0.06490384615384616 0.09495192307692307
2 0.6790865384615384 0.4014423076923077 0.03365384615384615 0.1045673076923077
2 0.6790865384615384 0.4206730769230769 0.03485576923076923 0.06009615384615385
2 0.7451923076923077 0.4326923076923077 0.037259615384615384 0.12259615384615384
2 0.3713942307692308 0.4326923076923077 0.03125 0.13701923076923078
3 0.5456730769230769 0.5060096153846154 0.22596153846153846 0.35697115384615385
1 0.8786057692307693 0.5072115384615384 0.12980769230769232 0.16466346153846154
2 0.8581730769230769 0.5300480769230769 0.04927884615384615 0.14302884615384615
2 0.9182692307692307 0.6237980769230769 0.0673076923076923 0.18269230769230768