3 0.4170673076923077 0.30288461538461536 0.07211538461538461 0.12980769230769232
2 0.48197115384615385 0.3389423076923077 0.02283653846153846 0.08653846153846154
1 0.6766826923076923 0.3485576923076923 0.0829326923076923 0.07211538461538461
2 0.6021634615384616 0.35336538461538464 0.027644230769230768 0.08052884615384616
2 0.578125 0.3786057692307692 0.030048076923076924 0.09495192307692307
1 0.7668269230769231 0.4026442307692308 0.09375 0.09014423076923077
1 0.8737980769230769 0.5 0.13822115384615385 0.1346153846153846
2 0.8209134615384616 0.515625 0.054086538461538464 0.12139423076923077
1 0.5132211538461539 0.546875 0.16706730769230768 0.25240384615384615
2 0.8966346153846154 0.6658653846153846 0.08413461538461539 0.1658653846153846
2 0.9014423076923077 0.9495192307692307 0.12259615384615384 0.09975961538461539