1 0.4110576923076923 0.29086538461538464 0.04567307692307692 0.042067307692307696
2 0.36899038461538464 0.3449519230769231 0.021634615384615384 0.08774038461538461
1 0.6814903846153846 0.35096153846153844 0.08052884615384616 0.07451923076923077
1 0.43149038461538464 0.35216346153846156 0.05889423076923077 0.0829326923076923
1 0.5757211538461539 0.38100961538461536 0.07091346153846154 0.1045673076923077
2 0.6382211538461539 0.38461538461538464 0.03125 0.11298076923076923
2 0.7307692307692307 0.4026442307692308 0.03485576923076923 0.08774038461538461
2 0.6911057692307693 0.4050480769230769 0.03245192307692308 0.09975961538461539
1 0.8822115384615384 0.49759615384615385 0.1310096153846154 0.14543269230769232
3 0.5456730769230769 0.5072115384615384 0.22596153846153846 0.35697115384615385
2 0.84375 0.5144230769230769 0.04927884615384615 0.10697115384615384
2 0.9350961538461539 0.5637019230769231 0.04807692307692308 0.12980769230769232
3 0.75 0.5877403846153846 0.29086538461538464 0.30288461538461536
2 0.9242788461538461 0.6814903846153846 0.06490384615384616 0.18509615384615385