1 0.4026442307692308 0.2980769230769231 0.04807692307692308 0.06971153846153846
1 0.4254807692307692 0.3425480769230769 0.06009615384615385 0.09254807692307693
1 0.6790865384615384 0.35216346153846156 0.08413461538461539 0.07211538461538461
1 0.546875 0.3605769230769231 0.06610576923076923 0.09254807692307693
2 0.7271634615384616 0.43509615384615385 0.03245192307692308 0.11538461538461539
3 0.5204326923076923 0.4651442307692308 0.18028846153846154 0.2980769230769231
1 0.6586538461538461 0.4735576923076923 0.1935096153846154 0.21754807692307693
1 0.875 0.49759615384615385 0.15264423076923078 0.14302884615384615
2 0.8149038461538461 0.5036057692307693 0.04567307692307692 0.14783653846153846
2 0.7596153846153846 0.6490384615384616 0.08653846153846154 0.24278846153846154
2 0.6538461538461539 0.6947115384615384 0.13822115384615385 0.2548076923076923