1 0.4567307692307692 0.2920673076923077 0.055288461538461536 0.0673076923076923
2 0.5276442307692307 0.3425480769230769 0.02403846153846154 0.10216346153846154
1 0.6742788461538461 0.3485576923076923 0.08052884615384616 0.07211538461538461
2 0.7367788461538461 0.3798076923076923 0.026442307692307692 0.09495192307692307
2 0.5649038461538461 0.38461538461538464 0.03245192307692308 0.11298076923076923
2 0.6670673076923077 0.41586538461538464 0.037259615384615384 0.12259615384615384
2 0.47836538461538464 0.4254807692307692 0.03245192307692308 0.1346153846153846
1 0.8737980769230769 0.4987980769230769 0.1466346153846154 0.14302884615384615
2 0.6442307692307693 0.5612980769230769 0.056490384615384616 0.18269230769230768
2 0.8149038461538461 0.6165865384615384 0.06610576923076923 0.11298076923076923
2 0.9326923076923077 0.7704326923076923 0.09375 0.22716346153846154