1 0.47115384615384615 0.31009615384615385 0.06610576923076923 0.055288461538461536
3 0.5877403846153846 0.3125 0.09014423076923077 0.11658653846153846
1 0.6766826923076923 0.3485576923076923 0.08052884615384616 0.08774038461538461
1 0.42908653846153844 0.38100961538461536 0.08413461538461539 0.10576923076923077
1 0.7740384615384616 0.40024038461538464 0.09495192307692307 0.09014423076923077
2 0.3918269230769231 0.46153846153846156 0.03245192307692308 0.14903846153846154
1 0.8725961538461539 0.49158653846153844 0.1310096153846154 0.12860576923076922
2 0.84375 0.5336538461538461 0.04447115384615385 0.13822115384615385
2 0.9471153846153846 0.5757211538461539 0.051682692307692304 0.13942307692307693
2 0.8076923076923077 0.59375 0.0673076923076923 0.1875
1 0.6045673076923077 0.6322115384615384 0.2283653846153846 0.30408653846153844