1 0.4110576923076923 0.29086538461538464 0.04567307692307692 0.042067307692307696
2 0.3701923076923077 0.3425480769230769 0.02403846153846154 0.08774038461538461
1 0.42908653846153844 0.35096153846153844 0.06129807692307692 0.08052884615384616
1 0.6766826923076923 0.35216346153846156 0.08653846153846154 0.07451923076923077
2 0.6490384615384616 0.35336538461538464 0.02283653846153846 0.08774038461538461
2 0.6189903846153846 0.36778846153846156 0.027644230769230768 0.09975961538461539
1 0.5757211538461539 0.37740384615384615 0.07091346153846154 0.10216346153846154
2 0.6742788461538461 0.3918269230769231 0.03125 0.09975961538461539
2 0.7512019230769231 0.4254807692307692 0.03125 0.11538461538461539
1 0.8737980769230769 0.49759615384615385 0.14783653846153846 0.14302884615384615
3 0.5456730769230769 0.49759615384615385 0.22355769230769232 0.33533653846153844
2 0.8305288461538461 0.5516826923076923 0.07091346153846154 0.17307692307692307
2 0.4387019230769231 0.8569711538461539 0.08052884615384616 0.2824519230769231