1 0.49038461538461536 0.3088942307692308 0.055288461538461536 0.06490384615384616
2 0.6021634615384616 0.33413461538461536 0.028846153846153848 0.08413461538461539
1 0.6790865384615384 0.359375 0.08173076923076923 0.09254807692307693
2 0.6682692307692307 0.36658653846153844 0.039663461538461536 0.09014423076923077
3 0.4338942307692308 0.37259615384615385 0.09735576923076923 0.17307692307692307
1 0.5612980769230769 0.375 0.10817307692307693 0.11177884615384616
2 0.7463942307692307 0.3786057692307692 0.03245192307692308 0.09735576923076923
1 0.8762019230769231 0.5 0.14423076923076922 0.14423076923076922
2 0.7920673076923077 0.5048076923076923 0.055288461538461536 0.15745192307692307
1 0.5913461538461539 0.7487980769230769 0.2692307692307692 0.4206730769230769
2 0.9375 0.8942307692307693 0.1201923076923077 0.20673076923076922