3 0.41586538461538464 0.3004807692307692 0.06490384615384616 0.12980769230769232
1 0.6790865384615384 0.3473557692307692 0.08774038461538461 0.07692307692307693
2 0.6538461538461539 0.3557692307692308 0.021634615384615384 0.09375
2 0.5733173076923077 0.36658653846153844 0.03125 0.09615384615384616
2 0.5288461538461539 0.3894230769230769 0.025240384615384616 0.11538461538461539
1 0.7728365384615384 0.40024038461538464 0.09735576923076923 0.09495192307692307
1 0.44711538461538464 0.40384615384615385 0.09735576923076923 0.1466346153846154
1 0.8713942307692307 0.49278846153846156 0.1310096153846154 0.13221153846153846
2 0.7259615384615384 0.5024038461538461 0.052884615384615384 0.12740384615384615
2 0.8978365384615384 0.5516826923076923 0.039663461538461536 0.14543269230769232
2 0.8581730769230769 0.5637019230769231 0.06370192307692307 0.15745192307692307
2 0.78125 0.6754807692307693 0.078125 0.18389423076923078