1 0.5673076923076923 0.3233173076923077 0.08653846153846154 0.09495192307692307
2 0.5408653846153846 0.3293269230769231 0.026442307692307692 0.08533653846153846
2 0.6009615384615384 0.33052884615384615 0.038461538461538464 0.08533653846153846
1 0.6766826923076923 0.3485576923076923 0.078125 0.0673076923076923
2 0.6911057692307693 0.3762019230769231 0.037259615384615384 0.09495192307692307
2 0.6538461538461539 0.4074519230769231 0.04567307692307692 0.125
2 0.5925480769230769 0.41225961538461536 0.038461538461538464 0.1201923076923077
2 0.7536057692307693 0.4170673076923077 0.039663461538461536 0.11298076923076923
1 0.46153846153846156 0.4230769230769231 0.10336538461538461 0.1778846153846154
1 0.8725961538461539 0.4951923076923077 0.1466346153846154 0.13942307692307693
2 0.9375 0.6778846153846154 0.06129807692307692 0.1971153846153846