2 0.578125 0.28966346153846156 0.015625 0.042067307692307696
1 0.4098557692307692 0.2920673076923077 0.05048076923076923 0.042067307692307696
2 0.5552884615384616 0.30408653846153844 0.018028846153846152 0.04807692307692308
1 0.4050480769230769 0.30649038461538464 0.04807692307692308 0.08533653846153846
1 0.4879807692307692 0.31850961538461536 0.06009615384615385 0.08533653846153846
1 0.6875 0.35216346153846156 0.06610576923076923 0.07451923076923077
1 0.43028846153846156 0.35216346153846156 0.0625 0.08533653846153846
2 0.6598557692307693 0.3798076923076923 0.03125 0.08052884615384616
1 0.5709134615384616 0.3798076923076923 0.0829326923076923 0.1045673076923077
2 0.671875 0.43509615384615385 0.037259615384615384 0.11298076923076923
1 0.8774038461538461 0.49759615384615385 0.15745192307692307 0.14543269230769232
3 0.5444711538461539 0.5072115384615384 0.2247596153846154 0.36538461538461536
2 0.7163461538461539 0.5096153846153846 0.07211538461538461 0.15985576923076922