1 0.36778846153846156 0.2512019230769231 0.038461538461538464 0.042067307692307696
1 0.40865384615384615 0.29447115384615385 0.05048076923076923 0.04807692307692308
2 0.5480769230769231 0.29447115384615385 0.018028846153846152 0.0625
1 0.484375 0.3112980769230769 0.04927884615384615 0.06490384615384616
1 0.43028846153846156 0.35216346153846156 0.06490384615384616 0.08533653846153846
1 0.6778846153846154 0.35336538461538464 0.08413461538461539 0.08052884615384616
1 0.5805288461538461 0.38341346153846156 0.06610576923076923 0.09495192307692307
1 0.8774038461538461 0.4951923076923077 0.14423076923076922 0.1346153846153846
3 0.5432692307692307 0.5012019230769231 0.2247596153846154 0.35697115384615385
2 0.8125 0.5144230769230769 0.056490384615384616 0.14302884615384615
2 0.6935096153846154 0.5637019230769231 0.05889423076923077 0.18509615384615385
2 0.9555288461538461 0.6682692307692307 0.0673076923076923 0.18990384615384615
2 0.4206730769230769 0.7620192307692307 0.06490384615384616 0.27283653846153844