1 0.40865384615384615 0.30288461538461536 0.05048076923076923 0.07451923076923077
1 0.6838942307692307 0.35096153846153844 0.07692307692307693 0.07211538461538461
1 0.42908653846153844 0.3545673076923077 0.06009615384615385 0.08533653846153846
2 0.6394230769230769 0.38100961538461536 0.03245192307692308 0.09254807692307693
0 0.5757211538461539 0.38100961538461536 0.07211538461538461 0.1045673076923077
2 0.7199519230769231 0.38221153846153844 0.02283653846153846 0.09014423076923077
2 0.6875 0.3942307692307692 0.02283653846153846 0.0673076923076923
2 0.7127403846153846 0.3954326923076923 0.018028846153846152 0.08052884615384616
2 0.6935096153846154 0.4098557692307692 0.03125 0.0625
2 0.7680288461538461 0.42788461538461536 0.037259615384615384 0.09975961538461539
2 0.7860576923076923 0.49278846153846156 0.04447115384615385 0.11298076923076923
1 0.875 0.49759615384615385 0.14302884615384615 0.14543269230769232
3 0.5444711538461539 0.5084134615384616 0.22716346153846154 0.3545673076923077
3 0.7295673076923077 0.5540865384615384 0.24879807692307693 0.2704326923076923
2 0.9074519230769231 0.6502403846153846 0.06971153846153846 0.19471153846153846
2 0.8485576923076923 0.8545673076923077 0.1310096153846154 0.2776442307692308