1 0.4026442307692308 0.2956730769230769 0.04807692307692308 0.0673076923076923
1 0.6778846153846154 0.34615384615384615 0.08173076923076923 0.08052884615384616
1 0.5012019230769231 0.3485576923076923 0.08413461538461539 0.09495192307692307
2 0.6490384615384616 0.3713942307692308 0.056490384615384616 0.09495192307692307
2 0.5865384615384616 0.375 0.030048076923076924 0.09375
1 0.7680288461538461 0.40384615384615385 0.09134615384615384 0.109375
2 0.4074519230769231 0.4098557692307692 0.028846153846153848 0.11778846153846154
2 0.6346153846153846 0.4338942307692308 0.04326923076923077 0.13341346153846154
1 0.8713942307692307 0.4963942307692308 0.1346153846153846 0.13221153846153846
2 0.8389423076923077 0.5048076923076923 0.051682692307692304 0.10817307692307693
2 0.8533653846153846 0.5697115384615384 0.051682692307692304 0.15384615384615385
2 0.44471153846153844 0.5961538461538461 0.04807692307692308 0.21153846153846154
1 0.9447115384615384 0.8533653846153846 0.10697115384615384 0.28365384615384615