1 0.5348557692307693 0.2932692307692308 0.06971153846153846 0.06610576923076923
1 0.4206730769230769 0.3245192307692308 0.054086538461538464 0.055288461538461536
3 0.65625 0.3485576923076923 0.14423076923076922 0.1971153846153846
1 0.5432692307692307 0.38461538461538464 0.09014423076923077 0.10336538461538461
1 0.7740384615384616 0.3954326923076923 0.09014423076923077 0.08173076923076923
1 0.44350961538461536 0.4050480769230769 0.09375 0.14182692307692307
2 0.6442307692307693 0.4411057692307692 0.04927884615384615 0.13822115384615385
2 0.5997596153846154 0.4519230769230769 0.051682692307692304 0.14543269230769232
1 0.8725961538461539 0.4951923076923077 0.13822115384615385 0.13581730769230768
2 0.6923076923076923 0.5516826923076923 0.07211538461538461 0.15264423076923078
2 0.8990384615384616 0.5769230769230769 0.057692307692307696 0.14783653846153846
1 0.6237980769230769 0.7776442307692307 0.2824519230769231 0.4206730769230769