3 0.41466346153846156 0.3161057692307692 0.056490384615384616 0.11899038461538461
2 0.6141826923076923 0.328125 0.03125 0.06610576923076923
3 0.5180288461538461 0.3425480769230769 0.0829326923076923 0.11057692307692307
2 0.36899038461538464 0.3557692307692308 0.020432692307692308 0.08413461538461539
1 0.7680288461538461 0.3942307692307692 0.08533653846153846 0.10216346153846154
1 0.6478365384615384 0.43509615384615385 0.14423076923076922 0.16466346153846154
2 0.7355769230769231 0.45552884615384615 0.036057692307692304 0.13341346153846154
2 0.40865384615384615 0.46033653846153844 0.03245192307692308 0.1502403846153846
2 0.796875 0.4639423076923077 0.04326923076923077 0.12860576923076922
1 0.8689903846153846 0.4951923076923077 0.140625 0.13581730769230768
2 0.8617788461538461 0.5516826923076923 0.05889423076923077 0.15625
1 0.8137019230769231 0.7716346153846154 0.2620192307692308 0.359375