1 0.6009615384615384 0.3485576923076923 0.09134615384615384 0.10576923076923077
1 0.5096153846153846 0.34975961538461536 0.07211538461538461 0.10336538461538461
1 0.6790865384615384 0.3545673076923077 0.078125 0.09014423076923077
2 0.6983173076923077 0.3858173076923077 0.038461538461538464 0.09014423076923077
2 0.578125 0.3918269230769231 0.03365384615384615 0.08533653846153846
2 0.6538461538461539 0.39783653846153844 0.037259615384615384 0.10697115384615384
1 0.7728365384615384 0.4014423076923077 0.09615384615384616 0.09375
1 0.4723557692307692 0.4254807692307692 0.09134615384615384 0.12980769230769232
2 0.6370192307692307 0.43149038461538464 0.055288461538461536 0.11899038461538461
1 0.8701923076923077 0.49759615384615385 0.12980769230769232 0.13701923076923078
2 0.8137019230769231 0.5060096153846154 0.055288461538461536 0.11538461538461539
2 0.9543269230769231 0.6177884615384616 0.07091346153846154 0.15625
3 0.6117788461538461 0.7524038461538461 0.29927884615384615 0.4675480769230769