2 0.5 0.34615384615384615 0.021634615384615384 0.07572115384615384
2 0.47115384615384615 0.34975961538461536 0.02403846153846154 0.0889423076923077
1 0.4254807692307692 0.35216346153846156 0.057692307692307696 0.10817307692307693
1 0.6814903846153846 0.35336538461538464 0.09615384615384616 0.078125
1 0.5504807692307693 0.3581730769230769 0.07692307692307693 0.09735576923076923
2 0.6490384615384616 0.38461538461538464 0.036057692307692304 0.08413461538461539
1 0.7596153846153846 0.4014423076923077 0.1045673076923077 0.09975961538461539
2 0.7536057692307693 0.44350961538461536 0.03485576923076923 0.10817307692307693
1 0.8737980769230769 0.4963942307692308 0.14783653846153846 0.14182692307692307
1 0.6899038461538461 0.5012019230769231 0.16947115384615385 0.1778846153846154
1 0.49278846153846156 0.515625 0.15625 0.2403846153846154