1 0.6754807692307693 0.34975961538461536 0.08653846153846154 0.08413461538461539
1 0.40384615384615385 0.35336538461538464 0.0673076923076923 0.10817307692307693
3 0.5444711538461539 0.39783653846153844 0.1310096153846154 0.1622596153846154
2 0.6117788461538461 0.40024038461538464 0.03245192307692308 0.11298076923076923
1 0.765625 0.4026442307692308 0.08653846153846154 0.09375
2 0.46634615384615385 0.43509615384615385 0.03245192307692308 0.13942307692307693
2 0.7295673076923077 0.4567307692307692 0.040865384615384616 0.13581730769230768
2 0.6959134615384616 0.48677884615384615 0.04927884615384615 0.15384615384615385
1 0.8725961538461539 0.4987980769230769 0.13942307692307693 0.1346153846153846
2 0.8329326923076923 0.4987980769230769 0.056490384615384616 0.13581730769230768
2 0.8846153846153846 0.6274038461538461 0.06610576923076923 0.18870192307692307