2 0.5793269230769231 0.3389423076923077 0.027644230769230768 0.09134615384615384
1 0.40384615384615385 0.3473557692307692 0.0673076923076923 0.1201923076923077
1 0.6766826923076923 0.3473557692307692 0.08173076923076923 0.0829326923076923
3 0.5108173076923077 0.37259615384615385 0.10576923076923077 0.13942307692307693
2 0.36538461538461536 0.3737980769230769 0.026442307692307692 0.11057692307692307
2 0.6814903846153846 0.3786057692307692 0.03365384615384615 0.09014423076923077
2 0.6334134615384616 0.39302884615384615 0.037259615384615384 0.08413461538461539
1 0.7680288461538461 0.4014423076923077 0.08533653846153846 0.0985576923076923
1 0.8725961538461539 0.4963942307692308 0.14302884615384615 0.14423076923076922
2 0.43028846153846156 0.5264423076923077 0.04326923076923077 0.18509615384615385
2 0.7475961538461539 0.5949519230769231 0.06610576923076923 0.18389423076923078
2 0.9122596153846154 0.7367788461538461 0.09014423076923077 0.18028846153846154