2 0.5024038461538461 0.28846153846153844 0.020432692307692308 0.0673076923076923
2 0.5540865384615384 0.2920673076923077 0.02283653846153846 0.0733173076923077
1 0.40024038461538464 0.296875 0.039663461538461536 0.06009615384615385
2 0.46634615384615385 0.31490384615384615 0.020432692307692308 0.06850961538461539
1 0.43149038461538464 0.34134615384615385 0.057692307692307696 0.0889423076923077
1 0.6790865384615384 0.35216346153846156 0.08653846153846154 0.08173076923076923
2 0.7475961538461539 0.38221153846153844 0.03485576923076923 0.10216346153846154
2 0.6370192307692307 0.4543269230769231 0.038461538461538464 0.13942307692307693
1 0.875 0.4951923076923077 0.14543269230769232 0.140625
1 0.5276442307692307 0.5925480769230769 0.1935096153846154 0.2932692307692308
2 0.7980769230769231 0.5949519230769231 0.0733173076923077 0.19110576923076922