3 0.40024038461538464 0.28125 0.06009615384615385 0.10817307692307693
1 0.6766826923076923 0.34615384615384615 0.0829326923076923 0.06850961538461539
2 0.546875 0.375 0.02403846153846154 0.0985576923076923
2 0.6971153846153846 0.3870192307692308 0.03485576923076923 0.0829326923076923
1 0.44350961538461536 0.39663461538461536 0.09014423076923077 0.125
1 0.7740384615384616 0.39783653846153844 0.09495192307692307 0.09254807692307693
2 0.3713942307692308 0.42427884615384615 0.025240384615384616 0.12379807692307693
2 0.6454326923076923 0.4254807692307692 0.037259615384615384 0.11057692307692307
2 0.7403846153846154 0.4579326923076923 0.04567307692307692 0.1045673076923077
1 0.8725961538461539 0.49759615384615385 0.13822115384615385 0.14543269230769232
2 0.9603365384615384 0.7103365384615384 0.07091346153846154 0.19951923076923078
2 0.9026442307692307 0.8413461538461539 0.08774038461538461 0.2512019230769231