1 0.6730769230769231 0.3449519230769231 0.08413461538461539 0.07211538461538461
2 0.5300480769230769 0.3737980769230769 0.03125 0.10216346153846154
2 0.6213942307692307 0.3762019230769231 0.036057692307692304 0.1045673076923077
2 0.6670673076923077 0.39302884615384615 0.03365384615384615 0.09975961538461539
2 0.7103365384615384 0.3954326923076923 0.036057692307692304 0.0985576923076923
2 0.5985576923076923 0.4026442307692308 0.03365384615384615 0.11298076923076923
1 0.7680288461538461 0.4050480769230769 0.0889423076923077 0.09495192307692307
1 0.4266826923076923 0.42908653846153844 0.10336538461538461 0.15264423076923078
1 0.8762019230769231 0.4951923076923077 0.1346153846153846 0.13822115384615385
2 0.7956730769230769 0.5228365384615384 0.06009615384615385 0.13942307692307693
1 0.6189903846153846 0.7668269230769231 0.24759615384615385 0.4206730769230769