1 0.39302884615384615 0.296875 0.038461538461538464 0.057692307692307696
2 0.5649038461538461 0.3389423076923077 0.02283653846153846 0.078125
1 0.4326923076923077 0.34375 0.055288461538461536 0.07932692307692307
1 0.6778846153846154 0.35096153846153844 0.08533653846153846 0.078125
2 0.7475961538461539 0.375 0.03245192307692308 0.10096153846153846
2 0.7043269230769231 0.38461538461538464 0.036057692307692304 0.0889423076923077
2 0.5697115384615384 0.4230769230769231 0.037259615384615384 0.13581730769230768
1 0.49278846153846156 0.4639423076923077 0.1141826923076923 0.16947115384615385
2 0.7355769230769231 0.4831730769230769 0.046875 0.15745192307692307
1 0.8737980769230769 0.49759615384615385 0.14783653846153846 0.14543269230769232
2 0.7800480769230769 0.6814903846153846 0.078125 0.20673076923076922