1 0.4074519230769231 0.29927884615384615 0.054086538461538464 0.07211538461538461
2 0.3641826923076923 0.31971153846153844 0.015625 0.0625
2 0.6033653846153846 0.31971153846153844 0.018028846153846152 0.07211538461538461
2 0.6298076923076923 0.34375 0.026442307692307692 0.08052884615384616
2 0.37259615384615385 0.34615384615384615 0.016826923076923076 0.07692307692307693
1 0.43028846153846156 0.35096153846153844 0.0625 0.08052884615384616
1 0.6754807692307693 0.35216346153846156 0.09375 0.07692307692307693
1 0.5661057692307693 0.3798076923076923 0.09495192307692307 0.10697115384615384
2 0.6634615384615384 0.41947115384615385 0.03125 0.1201923076923077
2 0.7740384615384616 0.45072115384615385 0.039663461538461536 0.11778846153846154
2 0.8461538461538461 0.4879807692307692 0.04807692307692308 0.11778846153846154
1 0.8725961538461539 0.49759615384615385 0.14783653846153846 0.13942307692307693
3 0.5456730769230769 0.5060096153846154 0.22115384615384615 0.34975961538461536
2 0.7896634615384616 0.5649038461538461 0.06009615384615385 0.18028846153846154
2 0.8701923076923077 0.6141826923076923 0.06971153846153846 0.18028846153846154