1 0.38341346153846156 0.25841346153846156 0.03125 0.04807692307692308
1 0.4699519230769231 0.29447115384615385 0.038461538461538464 0.055288461538461536
3 0.4362980769230769 0.3293269230769231 0.0829326923076923 0.14302884615384615
1 0.6778846153846154 0.35216346153846156 0.08653846153846154 0.08052884615384616
3 0.5300480769230769 0.3545673076923077 0.09975961538461539 0.11057692307692307
2 0.3798076923076923 0.3894230769230769 0.03245192307692308 0.12259615384615384
2 0.4735576923076923 0.42427884615384615 0.04326923076923077 0.1346153846153846
1 0.8737980769230769 0.4963942307692308 0.14783653846153846 0.14302884615384615
2 0.8641826923076923 0.5588942307692307 0.056490384615384616 0.16466346153846154
1 0.7668269230769231 0.59375 0.203125 0.23557692307692307
1 0.6057692307692307 0.7752403846153846 0.2692307692307692 0.41225961538461536