2 0.5420673076923077 0.3245192307692308 0.021634615384615384 0.0889423076923077
2 0.5901442307692307 0.33533653846153844 0.028846153846153848 0.0733173076923077
1 0.6790865384615384 0.3485576923076923 0.08533653846153846 0.07091346153846154
0 0.4543269230769231 0.359375 0.10216346153846154 0.19230769230769232
2 0.6694711538461539 0.3713942307692308 0.051682692307692304 0.08653846153846154
2 0.7487980769230769 0.3786057692307692 0.03365384615384615 0.10576923076923077
2 0.7115384615384616 0.4855769230769231 0.046875 0.13942307692307693
1 0.875 0.49399038461538464 0.12740384615384615 0.1502403846153846
1 0.8557692307692307 0.5300480769230769 0.12980769230769232 0.1658653846153846
2 0.9278846153846154 0.6598557692307693 0.078125 0.17668269230769232
0 0.6069711538461539 0.6694711538461539 0.2860576923076923 0.5961538461538461