1 0.4110576923076923 0.29086538461538464 0.04567307692307692 0.042067307692307696
2 0.36658653846153844 0.32211538461538464 0.02283653846153846 0.06490384615384616
1 0.6766826923076923 0.35336538461538464 0.08653846153846154 0.07692307692307693
1 0.43149038461538464 0.3557692307692308 0.0673076923076923 0.10216346153846154
1 0.5769230769230769 0.3798076923076923 0.07211538461538461 0.1045673076923077
2 0.6610576923076923 0.4026442307692308 0.039663461538461536 0.11298076923076923
2 0.3701923076923077 0.42908653846153844 0.02403846153846154 0.1346153846153846
1 0.8701923076923077 0.4987980769230769 0.1502403846153846 0.1502403846153846
2 0.8149038461538461 0.5 0.03485576923076923 0.09735576923076923
3 0.5456730769230769 0.5072115384615384 0.23076923076923078 0.3629807692307692
2 0.9134615384615384 0.5637019230769231 0.04927884615384615 0.13942307692307693
1 0.8341346153846154 0.6622596153846154 0.2848557692307692 0.36778846153846156